day_of_week,hour_of_day,trips
5,18,1943
