COUNT(app_id)
21
