year
1970
