output
99.33
