MONTH,AVG_PAGEVIEWS_PURCHASE,AVG_PAGEVIEWS_NON_PURCHASE
2017-06,25.7358,4.0746
2017-07,27.7210,4.1918
