0,1
CDN,USA
