0
1952 Alpine Renault 1300
1952 Alpine Renault 1300
1952 Alpine Renault 1300
