0
20.0315
