top_companion_product,total_quantity
Google 24oz Ring Bottle Blue,32
