language,file_count
C,105
JavaScript,32
Java,20
HTML,10
C++,10
JSON,10
Ruby,7
XML,6
CSS,6
PHP,6
