customer_unique_id,delivered_orders_count,avg_payment_value,customer_city,customer_state
8d50f5eadf50201ccdcedfb9e2ac8455,15,58.618,sao paulo,SP
3e43e6105506432c953e165fb2acf44c,9,130.2956,praia grande,SP
1b6c7548a2a1f9037c1fd3ddfed95f33,7,137.0014,ituiutaba,MG
