library,USAGE_COUNT
sys,129
